%YAML:1.0
---
world2cam: !!opencv-matrix
   rows: 3
   cols: 3
   dt: d
   data: [ -3.3041417647574835e+03, 4.1327367406890298e+03,
       -3.3632896238994311e+02, -1.8967915316446997e+03,
       4.0692430197997879e+01, -8.6075532913638415e+02,
       -2.8897287890436454e+00, -8.2434298143250675e-03,
       -2.9441102671794478e-01 ]
cam2world: !!opencv-matrix
   rows: 3
   cols: 3
   dt: d
   data: [ -2.3874952655984632e-06, 1.5262944332039194e-04,
       -4.4350792282264329e-01, 2.4141857770398025e-04,
       1.0967382520731463e-07, -2.7611215169677855e-01,
       1.6674296327329519e-05, -1.4981048958117686e-03,
       9.6427680395582960e-01 ]
