%YAML:1.0
---
world2cam_unscaled: !!opencv-matrix
   rows: 3
   cols: 3
   dt: d
   data: [ 7.0114497992999447e-01, 4.5604851095660742e-01,
       -1.0792922373468511e+02, -2.6944690358356182e-02,
       -6.6117392020126277e-04, 2.1157039418087539e+01,
       1.1035603734371126e-03, 4.1244674127998473e-06,
       1.2471913898319880e-02 ]
cam2world_unscaled: !!opencv-matrix
   rows: 3
   cols: 3
   dt: d
   data: [ -8.9532339772432270e-03, -5.7492500753588938e-01,
       8.9780891249663318e+02, 2.2202362376925318e+00,
       1.1985223567221899e+01, -1.1179899026091814e+03,
       5.7981655919995862e-05, 4.6907940252483966e-02,
       1.1084725475101775e+00 ]
world2cam: !!opencv-matrix
   rows: 3
   cols: 3
   dt: d
   data: [ 1.1966207657471904e+02, -7.7832279203260967e+01,
       8.8191950702064208e+00, -4.5985604878261208e+00,
       1.1284034904768213e-01, 2.0987778894516016e+01,
       1.8834097039993386e-01, -7.0390910511784028e-04,
       1.3527777555996677e-02 ]
cam2world: !!opencv-matrix
   rows: 3
   cols: 3
   dt: d
   data: [ -5.2460355335409557e-05, -3.3687012160306118e-03,
       5.2605990966599618e+00, -1.2922224221349690e-02,
       1.3599103953512715e-04, 8.2134309068659430e+00,
       5.7981655919995868e-05, 4.6907940252483973e-02,
       1.1084725475101780e+00 ]
