%YAML:1.0
---
world2cam: !!opencv-matrix
   rows: 3
   cols: 3
   dt: d
   data: [ 1.2716433526289977e+02, -7.8749761443626525e+01,
       6.1030101640035337e+00, -3.8370632389512274e+00,
       -8.3978098751692876e-01, 2.1235173278666206e+01,
       1.9599537027461808e-01, 8.0861833622873560e-04,
       9.4446726238130961e-03 ]
cam2world: !!opencv-matrix
   rows: 3
   cols: 3
   dt: d
   data: [ 7.5424740099902616e-05, -2.2495893510822706e-03,
       5.0091838653404546e+00, -1.2614260274484406e-02,
       -1.4613991073820359e-05, 8.1840093752347958e+00,
       -4.8522356362916766e-04, 4.6684616030062277e-02,
       1.2287788001260374e+00 ]
world2cam_scaled: !!opencv-matrix
   rows: 3
   cols: 3
   dt: d
   data: [ 7.4510352693105342e-01, 4.6142438345874937e-01,
       -1.1202163200143633e+02, -2.2482792415729851e-02,
       4.9205917237320068e-03, 1.9975501797390812e+01,
       1.1484103727028405e-03, -4.7379980638402495e-06,
       1.0657600128156162e-02 ]
cam2world_scaled: !!opencv-matrix
   rows: 3
   cols: 3
   dt: d
   data: [ 1.2872488977050027e-02, -3.8392991591803927e-01,
       8.5490071301810428e+02, 2.0286165212229372e+00,
       1.1953755824839211e+01, -1.0821702272078055e+03,
       -4.8522356362916771e-04, 4.6684616030062291e-02,
       1.2287788001260376e+00 ]
